eye 2 2 2
lookat 0 0 0
up 0 -1 1
background 0,078 0,361 0,753
surface 0,05 1,0 0,2 1 0,3 0 0,4
plane -15 0 0 1 1 0,33 0,75 
plane -15 0 1 0 0,75 1 0,33
plane -15 1 0 0 0,33 0,75 1
surface 0,07 1,0 0,8 3 0,5 0,4 0,35
sphere 0 0 0 0,5 0,5 0,45 0,35
sphere 0,272166 0,272166 0,544331 0,166667 0,5 0,45 0,35
sphere 0,643951 0,172546 0 0,166667 0,5 0,45 0,35
sphere 0,172546 0,643951 0 0,166667 0,5 0,45 0,35
sphere -0,371785 0,0996195 0,544331 0,166667 0,5 0,45 0,35
sphere -0,471405 0,471405 0 0,166667 0,5 0,45 0,35
sphere -0,643951 -0,172546 0 0,166667 0,5 0,45 0,35
sphere 0,0996195 -0,371785 0,544331 0,166667 0,5 0,45 0,35
sphere -0,172546 -0,643951 0 0,166667 0,5 0,45 0,35
sphere 0,471405 -0,471405 0 0,166667 0,5 0,45 0,35
light 1 1 1 ambient
light 0,4 0,4 0,4 point 4 3 2
light 0,4 0,4 0,4 point 1 -4 4
light 0,4 0,4 0,4 point -3 1 5